43,157
43,156
43,155
43,154
43,153
43,152
43,151
43,150
43,149
43,148
43,147
43,146
43,145
43,144
43,143
43,142
43,141
43,140
32,287
32,286
32,285
32,284
32,283
32,282
32,281
32,280
32,279
32,278
32,277
32,276
32,275
32,274
32,273
32,272
32,271
32,270
32,269
32,268
32,267
32,266
32,265
32,264
32,263
32,262
32,261
32,260
32,259
32,258
32,257
32,256
32,255
32,254
32,253
10,34
10,33
10,32
10,31
10,30
10,29
10,28
10,27
10,26
10,25
10,24
10,23
10,22
10,21
10,20
10,19
10,18
10,17
10,16
10,15
10,14
10,13
10,12
10,11
10,10
10,9
10,8
10,7
10,6
31,1
10,5
31,3
10,4
31,0
10,3
40,1
10,2
40,3
10,1
40,0
10,0
43,1
7,3
43,3
7,1
43,0
7,0
38,1
6,3
38,3
6,1
38,0
6,0
36,1
4,3
36,3
4,2
36,0
27,1
4,1
27,3
4,0
27,0
3,6
46,1
3,5
46,3
3,4
46,0
3,3
32,1
3,2
32,3
3,1
32,0
3,0
23,1
2,2
23,3
1,2
23,0
25,5
25,4
0,445
25,1
0,444
25,3
0,443
0,442
25,0
0,441
0,440
29,1
0,439
29,3
0,438
29,0
0,408
1,1
0,322
1,3
0,243
1,0
2,1
2,3
2,0
0,9
0,310
0,305
0,308
0,304
0,303
0,302
0,307
0,12
0,10
0,8
0,0
0,426
0,300
0,425
0,299
0,437
0,298
0,424
0,297
0,423
0,296
0,422
0,295
0,436
0,294
0,420
0,293
0,419
0,292
0,421
0,291
0,418
0,290
0,417
0,289
0,416
0,288
0,415
0,287
0,414
0,286
0,413
0,285
0,435
0,284
0,412
0,283
0,411
0,282
0,410
0,281
0,434
0,280
0,407
0,279
0,406
0,278
0,409
0,277
0,405
0,276
0,404
0,275
0,403
0,274
0,402
10,35
10,64
10,66
10,67
10,69
10,70
10,72
10,74
10,75
10,77
10,78
10,80
10,82
10,83
10,85
10,86
10,88
10,89
10,91
10,93
10,94
10,96
10,97
18,1
18,3
20,0
20,2
20,3
22,1
22,2
23,2
25,2
27,2
27,5
27,6
27,8
27,10
27,11
27,13
27,14
27,16
27,17
27,19
27,21
27,22
27,24
27,25
27,27
27,29
27,30
27,32
27,33
27,35
27,37
27,64
27,66
27,67
27,69
27,70
27,72
27,74
27,75
27,77
27,78
27,80
27,82
27,83
27,85
27,86
27,88
27,89
27,91
27,93
27,94
27,96
27,97
27,99
27,101
27,102
27,104
27,105
27,107
27,108
27,110
27,112
27,113
27,115
27,116
27,118
27,120
27,121
27,123
27,124
27,126
27,128
27,129
27,131
27,132
27,134
27,135
27,137
27,139
27,140
27,142
27,143
27,145
27,147
27,148
27,150
27,151
27,153
27,154
27,156
27,158
27,159
27,161
27,162
27,164
27,166
27,167
27,169
27,170
27,172
27,173
27,175
27,177
27,178
27,180
27,181
27,183
27,185
27,186
27,188
27,189
27,191
27,192
27,194
27,196
27,197
27,199
27,200
27,202
27,204
27,205
27,207
27,208
27,210
27,212
27,213
27,215
27,216
27,218
27,219
27,221
27,223
27,224
27,226
27,227
27,229
27,231
27,232
27,234
27,235
27,237
27,238
27,240
27,242
27,243
27,245
27,246
27,248
27,250
27,251
27,253
27,254
27,256
27,257
27,259
27,261
27,262
27,264
27,265
27,267
27,269
27,270
27,272
27,273
27,275
27,277
27,278
27,280
27,281
27,283
27,284
27,286
27,288
27,289
27,291
27,292
27,294
27,296
27,297
27,299
27,300
27,302
27,303
27,305
27,307
27,308
27,310
27,311
27,323
27,325
27,326
27,328
27,329
27,331
27,332
27,334
27,336
27,337
27,339
27,340
27,342
27,344
27,345
27,347
27,348
27,350
27,351
27,353
27,355
27,356
27,358
27,359
27,361
27,365
27,366
27,368
27,369
27,371
27,373
29,2
29,5
31,2
31,5
32,2
32,5
32,7
32,8
32,10
32,11
32,13
32,15
32,16
32,18
32,19
32,21
32,22
32,24
32,26
32,27
32,29
32,30
32,32
32,34
32,35
32,64
32,65
32,67
32,68
32,70
32,72
32,73
32,75
32,76
32,78
32,80
32,81
32,83
32,84
32,86
32,88
32,89
32,91
32,92
32,94
32,95
32,97
32,99
32,100
32,102
32,103
32,105
32,107
32,108
32,110
32,111
32,113
32,114
32,116
32,118
32,119
32,121
32,122
32,124
32,126
32,127
32,129
32,130
32,132
32,133
32,135
32,137
32,138
32,140
32,141
32,143
32,145
32,146
32,148
32,149
32,151
32,153
32,154
32,156
32,157
32,159
32,160
32,162
32,164
32,165
32,167
32,168
32,170
32,172
32,173
32,175
32,176
32,178
32,179
32,181
32,183
32,184
32,186
32,187
32,189
32,191
32,192
32,194
32,195
32,197
32,198
32,200
32,202
32,203
32,205
32,206
32,208
32,210
32,211
32,213
32,214
32,216
32,217
32,219
32,221
32,222
32,224
32,225
32,227
32,229
32,230
32,232
32,233
32,235
32,237
32,238
32,240
32,241
32,243
32,244
32,246
32,248
32,249
32,251
32,252
36,4
38,2
38,4
40,2
40,4
41,0
41,1
41,3
43,2
43,4
43,24
43,25
43,27
43,29
43,30
43,32
43,33
43,35
43,36
43,64
43,66
43,67
43,69
43,70
43,72
43,74
43,75
43,77
43,78
43,80
43,82
43,83
43,85
43,86
43,88
43,89
43,91
43,93
43,94
43,96
43,97
43,99
43,101
43,102
43,104
43,105
43,107
43,108
43,110
43,112
43,113
43,115
43,116
43,118
43,120
43,121
43,123
43,124
43,126
43,127
43,129
43,131
43,132
43,134
43,135
43,137
43,139
46,2
46,5
46,4
43,138
43,136
43,133
43,130
43,128
43,125
43,122
43,119
43,117
43,114
43,111
43,109
43,106
43,103
43,100
43,98
43,95
43,92
43,90
43,87
43,84
43,81
43,79
43,76
43,73
43,71
43,68
43,65
43,37
43,34
43,31
43,28
43,26
43,5
41,4
41,2
40,5
38,5
36,5
36,2
32,250
32,247
32,245
32,242
32,239
32,236
32,234
32,231
32,228
32,226
32,223
32,220
32,218
32,215
32,212
32,209
32,207
32,204
32,201
32,199
32,196
32,193
32,190
32,188
32,185
32,182
32,180
32,177
32,174
32,171
32,169
32,166
32,163
32,161
32,158
32,155
32,152
32,150
32,147
32,144
32,142
32,139
32,136
32,134
32,131
32,128
32,125
32,123
32,120
32,117
32,115
32,112
32,109
32,106
32,104
32,101
32,98
32,96
32,93
32,90
32,87
32,85
32,82
32,79
32,77
32,74
32,71
32,69
32,66
32,36
32,33
32,31
32,28
32,25
32,23
32,20
32,17
32,14
32,12
32,9
32,6
32,4
31,4
29,4
27,372
27,370
27,367
27,364
27,360
27,357
27,354
27,352
27,349
27,346
27,343
27,341
27,338
27,335
27,333
27,330
27,327
27,324
27,322
27,309
27,306
27,304
27,301
27,298
27,295
27,293
27,290
27,287
27,285
27,282
27,279
27,276
27,274
27,271
27,268
27,266
27,263
27,260
27,258
27,255
27,252
27,249
27,247
27,244
27,241
27,239
27,236
27,233
27,230
27,228
27,225
27,222
27,220
27,217
27,214
27,211
27,209
27,206
27,203
27,201
27,198
27,195
27,193
27,190
27,187
27,184
27,182
27,179
27,176
27,174
27,171
27,168
27,165
27,163
27,160
27,157
27,155
27,152
27,149
27,146
27,144
27,141
27,138
27,136
27,133
27,130
27,127
27,125
27,122
27,119
27,117
27,114
27,111
27,109
27,106
27,103
27,100
27,98
27,95
27,92
27,90
27,87
27,84
27,81
27,79
27,76
27,73
27,71
27,68
27,65
27,36
27,34
27,31
27,28
27,26
27,23
27,20
27,18
27,15
27,12
27,9
27,7
27,4
23,4
22,3
22,0
20,1
18,2
18,0
10,95
10,92
10,90
10,87
10,84
10,81
10,79
10,76
10,73
10,71
10,68
10,65
0,273
0,401
0,272
0,400
0,271
0,433
0,270
0,399
0,269
0,398
0,268
0,397
0,267
0,432
0,266
0,395
0,265
0,394
0,264
0,396
0,263
0,393
0,262
0,392
0,261
0,391
0,260
0,390
0,259
0,389
0,258
0,388
0,257
0,431
0,256
0,387
0,255
0,386
0,254
0,385
0,253
0,430
0,252
0,383
0,251
0,382
0,250
0,384
0,249
0,381
0,248
0,380
0,247
0,379
0,246
0,378
0,245
0,377
0,244
0,376
0,242
0,429
0,241
0,375
0,240
0,374
0,239
0,373
0,238
0,428
0,237
0,372
0,236
0,371
0,235
0,370
0,234
0,369
0,233
0,368
0,232
0,367
0,231
0,366
0,230
0,365
0,229
0,364
0,228
0,363
0,227
0,362
0,226
0,361
0,225
0,360
0,224
0,359
0,223
0,358
0,222
0,357
0,221
0,356
0,220
0,355
0,219
0,354
0,218
0,353
0,217
0,352
0,216
0,351
0,215
0,350
0,214
0,349
0,213
0,348
0,212
0,347
0,211
0,346
0,210
0,345
0,209
0,344
0,208
0,343
0,207
0,342
0,206
0,341
0,205
0,340
0,204
0,339
0,203
0,338
0,202
0,337
0,201
0,336
0,200
0,335
0,199
0,334
0,198
0,333
0,197
0,332
0,196
0,331
0,195
0,330
0,194
0,329
0,193
0,328
0,192
0,327
0,63
0,326
0,62
0,325
0,61
0,324
0,60
0,323
0,59
0,321
0,58
0,320
0,57
0,319
0,56
0,318
0,55
0,317
0,54
0,427
0,53
0,316
0,52
0,315
0,51
0,314
0,50
0,313
0,49
0,312
0,48
0,311
0,47
0,309
0,46
0,306
0,45
0,301
0,6
0,5
0,1
0,11
0,4
0,2
0,3
0,7
